A 1 1 32 37
B 35 1 26 37
C 65 1 26 37
D 94 1 27 37
E 124 0 24 37
F 151 0 25 37
G 179 0 26 37
H 208 1 26 37
I 237 1 6 37
J 246 1 22 37
K 271 1 28 37
L 302 1 24 37
M 328 1 32 37
N 363 1 28 37
O 394 0 27 38
P 423 1 26 37
Q 451 0 30 38
R 483 1 27 37
S 513 0 27 38
T 541 1 26 37
U 568 1 26 37
V 596 1 29 36
W 625 1 42 37
X 667 1 29 37
Y 696 1 27 37
Z 725 1 24 37
0 1 62 22 38
1 28 63 11 37
2 45 63 21 36
3 72 62 22 38
4 100 63 24 37
5 129 63 22 37
6 157 63 21 37
7 184 63 21 37
8 211 63 22 37
9 238 62 22 37